City:London|51.5074|-0.1278
Paris|344|48.8566|2.3522
New York|5566|40.7128|-74.0060
Amsterdam|358|52.3676|4.9041
Dublin|464|53.3498|-6.2603

City:Paris|48.8566|2.3522
London|344|51.5074|-0.1278
Brussels|264|50.8503|4.3517
Berlin|878|52.5200|13.4050
Madrid|1053|40.4168|-3.7038

City:Amsterdam|52.3676|4.9041
London|358|51.5074|-0.1278
Brussels|173|50.8503|4.3517
Frankfurt|365|50.1109|8.6821

City:New York|40.7128|-74.0060
London|5566|51.5074|-0.1278
Los Angeles|3945|34.0522|-118.2437
Toronto|554|43.6532|-79.3832

City:Los Angeles|34.0522|-118.2437
New York|3945|40.7128|-74.0060
Tokyo|8813|35.6762|139.6503
Sydney|12074|-33.8688|151.2093

City:Tokyo|35.6762|139.6503
Los Angeles|8813|34.0522|-118.2437
Beijing|2099|39.9042|116.4074
Seoul|1159|37.5665|126.9780

City:Beijing|39.9042|116.4074
Tokyo|2099|35.6762|139.6503
Shanghai|1068|31.2304|121.4737
Delhi|3782|28.6139|77.2090

City:Dubai|25.2048|55.2708
Delhi|2194|28.6139|77.2090
Istanbul|3083|41.0082|28.9784
Nairobi|3345|-1.2921|36.8219

City:Cairo|30.0444|31.2357
Istanbul|1189|41.0082|28.9784
Dubai|2256|25.2048|55.2708
Johannesburg|6474|-26.2041|28.0473

City:Sydney|-33.8688|151.2093
Los Angeles|12074|34.0522|-118.2437
Auckland|2156|-36.8485|174.7633
Singapore|6301|1.3521|103.8198